p cnf 50 50
-36 20 -44 -7 31 0
-48 -42 46 9 40 0
-9 11 -33 16 -43 0
-25 -44 26 -35 46 0
18 4 -20 45 28 0
-19 -17 48 46 -39 0
20 40 7 -9 36 0
-23 -9 -14 17 -37 0
17 28 -27 -37 47 0
-18 40 44 -39 13 0
41 28 42 -10 33 0
-49 -10 -6 29 -9 0
-23 47 3 -24 2 0
37 -14 -17 43 -9 0
-40 37 -44 17 -50 0
-13 6 -42 16 -33 0
25 7 3 27 32 0
-26 -11 19 -29 -9 0
45 24 -13 50 8 0
-2 -7 -14 -21 -29 0
37 16 -18 49 -40 0
-30 2 -48 18 -36 0
32 9 18 43 27 0
-24 12 -50 -18 -26 0
-42 -20 -43 -9 -32 0
16 -50 -4 -13 1 0
-36 -38 -30 24 44 0
-43 6 12 -48 32 0
-1 -19 6 28 25 0
-13 20 -14 -23 9 0
-29 -31 -33 -1 -10 0
49 33 -34 -50 -13 0
30 26 -9 -36 10 0
42 45 34 18 17 0
15 -42 -31 -6 -33 0
19 -26 -20 -29 38 0
-2 37 -12 -27 -11 0
-33 -10 -31 -49 47 0
26 -37 14 17 -44 0
23 -19 -29 -43 -34 0
18 -25 -10 44 6 0
41 37 -7 -9 10 0
25 27 -38 -48 28 0
-44 -39 22 34 -19 0
30 -34 -26 31 -6 0
50 23 -39 48 35 0
16 28 -46 15 -32 0
21 41 26 -25 -34 0
45 32 10 -24 -38 0
5 42 -19 -12 37 0
