p cnf 30 30
-8 13 5 -30 24 9 16 -12 -14 20 1 -27 2 -15 -28 7 17 -10 -18 11 -25 -26 19 29 3 -6 21 22 4 23 0
-7 26 6 5 -28 -12 4 27 23 18 17 -19 21 9 -25 -16 24 -13 22 -20 3 15 1 29 30 -10 14 -11 -2 -8 0
11 -1 29 -4 -19 13 15 -17 26 -22 16 6 -7 10 -14 3 24 8 -25 28 27 -18 9 5 -20 23 12 2 -21 -30 0
1 18 8 -6 -26 -5 22 13 -12 17 -10 11 25 2 -24 -29 -16 20 -14 9 -4 -15 -21 -19 -3 23 7 -28 -30 -27 0
24 -18 15 6 -27 -11 -3 25 16 -28 14 -17 20 2 4 7 29 -5 23 13 -30 22 -1 -21 -12 8 -26 -19 10 9 0
9 3 27 -8 5 -1 -13 -19 24 18 11 17 16 21 23 29 -26 7 -30 25 -2 -15 -22 12 4 28 14 6 20 10 0
-5 -4 -17 -12 27 15 -8 28 21 -2 14 29 1 -9 -18 26 24 -10 -22 30 6 -3 -25 -7 -13 -23 20 -19 11 16 0
21 2 24 27 -26 20 -1 -11 19 3 -17 -8 -22 23 -5 30 -6 25 -14 -16 10 -7 -4 28 12 13 15 18 29 9 0
-18 -9 -11 -6 15 -21 19 -8 -2 -7 27 -14 24 -23 12 -20 -29 16 25 28 10 3 -4 30 -5 13 22 -1 26 17 0
-8 -27 -5 11 21 -23 -16 13 6 1 -29 -15 7 -24 18 22 26 9 -20 14 -28 10 -19 30 12 2 -4 -17 -3 -25 0
-27 -16 19 -29 -7 -1 12 -15 -20 -4 28 -10 -3 -23 11 -30 -17 25 26 6 5 18 -24 21 -14 9 8 22 -13 -2 0
-24 10 2 5 15 -30 19 29 18 -16 -27 26 -21 -11 -22 -3 -28 -17 4 23 6 20 1 12 -14 -13 -8 -7 -9 -25 0
3 22 -21 -23 -7 -9 13 28 29 -8 30 -14 -10 5 -4 -25 17 1 -12 27 24 -18 15 -6 20 -19 -11 -26 -2 -16 0
-2 -9 -11 27 -16 13 -20 28 -21 -4 -1 -18 -3 -5 26 -24 10 -29 -17 -7 8 15 12 30 25 14 19 6 23 22 0
2 -1 14 -28 23 -17 4 -5 11 9 13 -22 18 -20 -10 -27 -24 -25 3 6 15 19 26 30 -29 16 21 7 -8 12 0
-12 1 5 -24 14 -18 -19 29 -8 6 -21 -10 27 30 22 26 2 3 -17 28 16 4 13 23 7 -25 15 -9 -20 -11 0
-11 8 2 -23 9 21 17 -3 25 -15 7 -14 -30 19 -20 -26 6 -29 -27 13 24 -1 18 5 10 4 22 12 -16 28 0
26 8 12 -25 -4 14 29 -24 -30 -1 28 -21 -3 7 -27 10 6 -17 5 -2 23 22 -9 20 18 19 13 -15 -11 -16 0
-30 -10 -8 -3 -11 29 9 -24 -22 27 -2 18 25 7 28 26 20 -15 -17 5 -6 23 14 -21 -19 1 -13 -16 -12 -4 0
17 12 -14 5 1 30 -28 -22 -29 -2 -4 -15 -3 -25 16 -11 21 -10 26 -7 18 19 24 -27 6 -13 9 -20 23 8 0
9 -28 -14 -2 -5 -1 17 -6 -16 -15 24 -8 -30 25 19 21 -23 -13 3 -27 18 12 26 11 29 -22 7 -10 -4 20 0
16 -29 1 -12 7 -8 -28 -17 27 -19 10 13 -21 30 -9 15 24 -11 3 -25 22 14 5 -4 -20 -26 2 -6 -18 -23 0
23 6 -3 18 27 29 -21 30 28 5 20 10 11 -1 -22 -9 -24 7 8 -17 -13 19 -2 4 -26 -16 -15 14 -25 12 0
20 23 -5 18 -1 26 17 -13 19 -3 -4 -29 -14 8 -25 -15 -16 22 30 -27 11 12 21 6 -9 -28 2 24 -10 7 0
12 19 7 15 27 -23 -26 28 -1 24 -21 2 -18 25 -11 -22 8 3 -20 13 -29 -10 -14 -17 6 5 -30 -16 -9 4 0
11 -1 -3 -22 -5 30 2 -6 12 19 -10 16 -7 -13 -8 9 23 26 -15 -25 17 29 27 -20 21 4 -18 -24 -28 -14 0
16 -8 -11 4 -3 27 22 -18 6 21 -26 2 30 -14 19 10 7 28 13 5 -9 -17 -29 15 -23 24 -20 -12 1 25 0
3 24 -21 -7 25 -14 18 1 26 -10 22 -29 30 -20 -16 8 11 5 -19 28 -13 -12 -27 23 -17 4 -2 15 -9 -6 0
12 -17 3 30 29 -21 25 -4 -5 -23 22 -7 -14 6 1 -19 -26 -18 8 -20 15 -28 2 10 13 -16 24 -27 -9 11 0
-16 27 -8 23 -14 -18 -19 10 24 20 -29 25 -17 -4 28 12 11 -9 22 -1 -26 -3 2 6 30 7 -15 -21 5 -13 0
