p cnf 30 100
-7 20 32 -73 -17 37 0
53 -18 -85 -54 78 -3 0
-28 58 72 -91 -38 -53 0
74 -51 48 -14 32 -57 0
20 -90 89 -94 52 93 0
93 81 -13 -62 -94 -35 0
82 -16 79 69 -92 -40 0
-42 -58 -31 -89 -37 -66 0
-85 20 84 -17 -29 53 0
46 -68 86 47 -3 -87 0
28 -83 64 1 -86 -22 0
-67 71 -6 -15 -5 -40 0
87 -18 -30 47 -14 -41 0
43 53 -22 -70 36 96 0
-77 67 -23 18 47 7 0
54 80 43 51 23 -68 0
99 24 73 -1 65 -19 0
-65 22 63 99 -11 -46 0
-34 -47 36 95 -35 -13 0
82 98 -54 66 85 -55 0
-76 27 56 -3 -6 74 0
-44 38 -66 52 11 48 0
-79 -22 -75 29 37 -96 0
-57 -32 34 -42 85 55 0
-39 -60 14 7 84 -29 0
-82 65 7 -69 5 -71 0
5 -14 -8 -84 17 29 0
27 2 9 -75 67 24 0
-60 36 2 74 -43 44 0
-96 -50 -58 78 24 56 0
