p cnf 50 50
-14 -23 -10 16 -37 7 45 30 9 -41 0
24 -37 1 47 -4 -32 22 8 -16 49 0
-41 7 27 -6 -40 34 -36 -19 10 20 0
44 10 43 -37 -24 42 -19 2 -29 -49 0
20 15 48 34 -30 -22 -49 13 -10 -38 0
-22 -11 -17 38 35 8 -10 -29 32 39 0
-5 38 34 -21 18 -37 -36 30 46 -43 0
2 -3 -10 46 18 44 1 13 6 -35 0
-49 -9 2 -15 -12 -4 -48 -40 45 -38 0
-36 -23 24 -18 9 8 40 4 -48 41 0
-46 -18 -29 23 -25 10 2 -30 -39 -42 0
-48 34 37 24 22 1 19 38 -40 -11 0
-37 -38 19 -39 -4 41 -43 -12 21 -6 0
-3 9 20 32 50 21 -42 35 -4 37 0
-48 45 37 14 -7 -1 30 20 -35 -33 0
-9 43 -48 34 -36 -39 -23 26 -7 -30 0
50 22 -1 39 -8 29 -3 -37 -46 11 0
50 -43 -35 49 41 33 34 28 40 3 0
38 -8 -32 -36 22 43 4 31 33 24 0
6 46 -8 16 -30 38 -9 -11 -5 -15 0
-22 -34 31 -40 10 -41 -39 -2 -25 -23 0
-21 -33 2 20 22 31 -14 -12 8 29 0
35 37 22 31 34 -17 23 -3 -24 8 0
-39 -32 -20 -24 27 -26 40 45 10 25 0
31 -34 1 -36 -4 -29 10 -40 50 -15 0
-19 -34 43 12 -28 17 -44 -32 25 49 0
-35 49 11 -2 45 47 -46 -14 -7 36 0
37 23 -41 13 -14 27 -3 -43 44 1 0
-9 26 50 -47 37 22 -6 -7 17 -38 0
10 -18 -30 -44 -47 43 -16 39 -14 36 0
-11 -6 -37 18 -47 25 30 -1 -50 -32 0
30 -13 -44 47 17 -36 11 19 38 20 0
11 -48 49 28 5 50 10 38 -4 16 0
30 40 -37 -9 -33 -4 -1 -48 -31 28 0
8 3 -18 -47 13 36 -43 -20 -26 22 0
-43 7 -24 42 28 -10 3 9 -13 -32 0
-28 -27 33 23 13 25 10 -50 -11 38 0
-30 41 12 38 -48 44 -8 -15 -32 -27 0
-47 34 -36 -11 29 -45 35 -41 -2 22 0
36 12 -24 -47 45 -14 41 4 25 39 0
21 8 9 -34 15 25 41 -30 32 -2 0
44 30 -35 22 -37 45 -27 -50 -33 -43 0
-14 -5 -11 -19 -47 12 28 -24 13 -30 0
6 -17 23 -49 -14 22 -30 7 2 -26 0
-21 -37 -22 -41 16 15 31 45 -11 -1 0
-2 -46 49 -37 -8 -44 31 41 47 -11 0
11 16 -18 -29 -46 9 24 17 -14 -41 0
43 -28 -4 46 -36 23 40 35 -34 -7 0
22 -4 -34 -2 43 16 28 -48 -20 -10 0
19 3 -12 -42 -11 30 6 24 20 -46 0
