p cnf 100 50
6 -5 -41 -24 -13 47 -39 18 -33 -48 -35 22 2 23 25 -1 -12 -19 -16 -37 -26 -40 49 10 -46 -50 43 42 38 28 11 -9 34 3 -7 17 -31 20 -36 30 15 32 -29 -14 27 -4 21 -8 45 -44 0
3 6 39 31 -33 13 24 -32 16 -26 -10 23 1 -36 -34 35 -9 -45 2 11 40 25 7 -4 -27 -14 44 -8 50 -46 48 -22 -41 -19 -30 21 47 17 29 -28 5 15 -43 20 -18 12 -49 38 -37 -42 0
-21 3 -44 -11 24 -7 26 -19 42 31 -12 -5 4 27 41 2 -6 -9 38 46 -43 -22 10 -49 -40 -30 25 -18 -37 -35 -50 48 -17 -29 15 47 -34 -36 -28 -20 -39 8 -13 -33 -16 1 45 14 23 32 0
-17 16 -28 -10 -19 24 8 -50 15 -12 -33 -26 35 -37 -13 -32 -40 5 42 41 45 36 31 48 7 -46 20 -23 2 -30 -43 -27 14 -25 44 39 29 18 -4 49 6 -9 -22 -21 -47 -1 -34 -11 38 -3 0
12 -31 50 -17 -1 28 11 25 -29 13 -14 -32 5 6 -19 -41 33 47 15 36 18 2 24 -9 42 -7 45 49 -10 -46 -48 35 34 38 20 21 3 23 -4 -30 44 8 -16 -37 43 -40 26 22 27 -39 0
33 29 -20 39 44 -5 12 50 -11 -42 2 7 47 -21 -15 -27 -48 34 -37 -31 38 -14 49 -4 40 35 -16 -6 36 28 45 9 18 -1 30 19 32 -13 -24 -25 17 10 26 23 -3 -41 22 46 -43 -8 0
8 -36 -47 15 -1 21 10 23 -44 41 38 -48 -35 -28 46 37 29 19 16 13 -43 34 -14 39 -11 -40 -30 9 -12 45 50 24 6 25 33 -20 -7 -27 49 42 -32 -26 4 3 -22 -31 -17 5 2 -18 0
50 28 42 -49 -1 -41 34 -25 45 -38 -37 -40 -44 6 27 22 -19 -29 21 -18 5 17 14 9 15 32 39 36 -24 -30 23 -20 -48 47 3 8 -7 -12 43 4 11 33 31 16 46 -13 2 -35 10 26 0
-23 2 24 36 -14 -31 9 -41 3 -12 -28 50 -13 46 -25 -43 -29 -19 21 44 -20 -16 45 -49 6 -35 4 -38 34 39 -40 -33 17 -8 18 -1 32 27 47 37 -26 22 5 42 -10 -48 -11 -7 -30 15 0
19 24 -45 -23 50 13 6 -1 -32 44 5 48 42 -12 -34 15 -11 40 7 -4 -31 -26 -3 -21 8 -46 28 47 -39 37 -30 -2 43 10 38 -33 -41 16 -9 -17 27 -14 49 -36 -25 35 -18 20 -29 22 0
-12 33 41 31 -11 -6 -4 -5 -2 20 -44 21 43 -27 -18 -1 -40 39 -26 -37 15 36 -25 -7 -34 -19 16 10 38 -49 42 23 50 30 17 -3 -24 35 -29 -47 13 46 -14 -45 32 -28 9 48 -22 8 0
43 24 14 25 42 2 6 -45 -9 31 48 50 -11 -8 13 18 -47 46 -37 -4 3 41 -33 7 1 -29 34 -49 26 20 16 -12 -17 21 38 -23 -36 -19 -30 -44 15 40 -10 -5 -32 -22 27 -28 39 -35 0
35 -11 -41 22 15 -43 32 -38 -16 33 -44 50 30 -48 -26 39 -28 36 -37 4 -7 20 -18 19 40 -42 -21 13 -3 17 -29 45 27 34 9 -6 -12 47 -46 10 1 14 2 8 24 49 -5 31 -23 -25 0
12 -17 -6 -22 41 -21 36 -28 29 1 -34 -20 -48 35 -7 44 18 -27 -40 -2 42 -16 47 -13 -39 38 -24 -30 -4 -3 -25 5 -33 50 45 10 -37 19 31 -43 46 49 -9 26 8 23 -11 -32 15 14 0
-41 -23 29 -27 -11 44 48 -7 -24 -8 -32 33 34 9 40 18 -5 46 20 -14 47 -21 -49 -17 -2 -10 -4 16 28 -26 -45 42 -30 -22 6 -3 37 38 1 -43 -12 25 -35 13 36 50 15 -31 39 -19 0
-2 15 26 -1 -32 -47 -12 7 -24 25 -38 14 -31 33 -10 36 -22 -13 -4 -45 -48 35 -41 -40 -5 -16 43 -34 -23 -9 20 46 -30 -21 -27 -18 29 3 42 -50 -49 11 44 19 -6 -37 -39 8 -28 17 0
17 -11 13 5 4 1 -22 -15 20 19 41 -45 -38 21 -35 -2 -43 26 29 -37 39 9 24 49 -25 8 46 -36 16 -27 10 30 50 -32 47 -48 28 -44 40 34 33 -31 12 42 -18 14 -23 6 -3 7 0
-24 6 29 -32 -44 26 45 -40 16 -43 -12 -20 1 17 13 -39 -7 5 -46 3 21 19 -8 49 50 -47 25 35 14 9 -2 -37 -36 -15 31 18 -4 -48 -11 41 27 23 38 -34 -30 22 -10 -42 28 33 0
-20 46 40 2 -16 -45 25 9 -10 -21 -27 38 44 5 23 -33 37 -1 24 4 -35 -3 -8 -32 -13 36 -48 -30 14 -17 -18 43 11 42 -47 -29 19 -39 41 -34 -50 26 28 -31 15 12 6 -7 49 -22 0
-4 -30 -22 -34 -2 -11 12 43 25 10 14 -1 19 18 24 -33 3 -45 -41 -32 -39 -29 -47 -49 15 21 -7 13 -46 -9 -42 16 31 -48 -37 6 40 -28 -26 5 -36 8 38 20 -27 -35 -23 -17 44 -50 0
10 -7 31 8 26 20 -22 45 -3 -5 21 -36 28 -2 -39 -13 -9 -37 -6 14 -1 -35 -43 -29 15 32 -12 24 4 -30 25 48 47 18 19 16 -11 -40 17 -34 -46 -41 42 -23 -50 44 -33 38 -49 -27 0
25 -11 -38 -15 19 -7 47 -9 48 20 30 -5 -28 -6 -44 -14 41 -18 39 1 31 -26 -49 29 43 -34 40 24 45 -33 -12 22 36 8 -16 -10 42 37 -50 -32 46 3 23 13 -35 17 21 -27 4 2 0
17 -4 -5 -43 -8 23 -21 -31 -10 16 30 44 -26 -1 -38 2 -12 46 -37 -11 -33 9 -22 40 20 3 -25 18 50 -35 -6 -48 32 28 -14 45 -34 41 29 24 -42 -19 15 36 -39 -47 7 -13 27 -49 0
20 17 -27 30 18 44 -24 25 43 42 -13 -23 -38 -19 22 -47 -39 15 21 34 14 8 -35 7 5 28 46 -26 -40 -49 12 -4 41 9 45 11 -31 -3 -33 6 36 -32 -16 -29 -37 1 10 -48 -50 2 0
-12 15 8 -23 31 21 7 -45 -6 47 13 44 5 33 36 4 -50 -32 -38 -28 26 34 35 18 40 19 -1 29 -14 48 2 25 -24 17 3 -22 -20 -39 -37 43 42 -46 9 -27 11 30 -41 49 10 -16 0
24 -32 5 -16 -21 8 1 -9 33 -22 26 20 19 34 -12 37 -11 43 49 47 4 41 -46 48 -40 -2 -38 42 45 17 15 -7 -30 27 36 -39 -25 -44 31 -35 3 -10 -6 -28 18 -23 -29 -14 -50 13 0
11 17 -1 -18 -9 -32 45 -25 7 -16 47 -6 -19 46 -36 10 -29 -48 -24 -15 -39 35 4 -22 8 -44 -37 -20 -43 -28 -50 31 42 -13 40 -14 -5 26 30 3 -21 -41 -2 38 -27 -34 -12 -49 -33 23 0
-41 15 -32 -38 34 -6 -9 -13 31 18 37 50 22 20 21 -19 23 14 27 -29 43 11 -24 3 49 -8 26 -39 -44 33 46 -4 -48 -40 47 2 -17 30 -16 10 -36 -7 -25 -1 35 45 28 -5 42 -12 0
49 -2 -27 40 28 -23 9 50 -14 -8 -45 15 48 -46 -21 41 4 37 13 -22 -44 -39 -26 -11 35 -24 -20 16 7 42 6 -32 -3 30 25 17 10 12 -31 -43 47 -33 -29 5 36 -19 1 -38 -34 -18 0
-20 50 -30 24 -41 -48 8 -49 -28 -40 -45 -39 23 -3 -36 2 38 43 46 -37 16 -47 -15 17 -7 -33 19 -4 5 26 -12 -10 -14 -35 25 -21 -44 13 34 29 -42 -1 32 -31 -11 -18 9 -22 -6 -27 0
-6 44 -18 -17 -36 34 1 -45 -33 -41 -39 -35 37 5 -19 49 -20 22 50 26 27 -11 30 3 -7 -46 -2 31 40 -9 -13 10 -8 -25 15 23 -14 -43 -28 12 42 24 16 32 -21 4 -29 -38 -48 47 0
-7 -50 27 -46 41 26 -5 -33 -32 -20 -13 -24 -12 -14 48 16 -19 -22 -34 -8 1 -30 9 -11 44 -47 -17 38 29 39 49 -25 15 -28 18 -10 -23 -37 -40 -36 -6 2 3 -4 -31 45 -21 -42 -35 43 0
49 -36 -38 26 -13 6 -3 2 -11 -22 -7 39 46 -10 -44 17 -25 -32 23 -8 34 -33 -14 -19 -42 -15 35 -24 30 -31 -43 -48 -50 -28 -20 -47 -40 1 -12 -21 -18 -9 -37 16 -4 -45 -29 41 -27 5 0
-5 13 49 -50 -44 -28 30 -35 16 17 15 -25 -11 3 -42 -48 23 36 -2 22 -32 27 14 47 -31 -7 -8 -46 -4 -1 -37 34 6 18 29 -41 45 10 -33 -20 -40 -39 -9 19 -38 21 -24 12 -43 26 0
31 -19 -17 -24 -14 32 -33 -47 22 27 -3 -21 -4 41 50 -15 -30 20 8 -36 39 1 -13 16 -46 -48 29 -43 35 45 42 12 -44 28 -18 23 37 -26 -11 25 5 -9 -10 -34 49 2 -40 6 -38 7 0
2 -41 4 -13 11 5 32 -49 -19 -24 9 -31 -16 18 -22 -36 10 34 28 33 14 -40 37 3 39 -25 -21 -6 7 -17 29 48 -30 -26 -8 27 -1 -23 -50 42 -12 38 20 43 -47 -46 -35 -15 -44 45 0
34 -46 22 -4 24 -10 41 12 -5 36 48 20 17 -21 9 1 -3 -39 -26 16 -29 -31 -27 45 2 15 -19 -35 32 -8 40 -28 -44 43 6 -42 -11 49 23 -38 33 47 -50 -7 25 14 37 13 -18 -30 0
7 -9 10 -49 -5 -48 -25 -45 33 -31 34 40 -28 42 -44 -8 17 -16 4 43 -27 3 -26 -22 50 -38 32 15 -41 30 -1 47 -36 2 -18 -20 -6 -29 -24 -11 14 19 46 39 12 23 -35 37 13 -21 0
-21 43 -19 -28 31 25 -9 8 -1 -50 -44 -45 3 42 27 46 48 17 -6 -11 14 7 -34 -29 36 -39 -35 40 -2 13 -5 -20 -22 -47 -30 -10 49 -18 15 -23 -24 -37 -38 16 -26 4 -41 -33 12 32 0
-42 -37 -4 5 -22 45 48 33 -25 38 23 -49 14 -17 -24 -13 19 7 36 43 11 -50 -41 8 39 28 6 20 -12 -34 29 -9 -18 35 46 30 1 -32 3 21 27 2 -16 -10 15 -31 -44 -47 40 26 0
19 18 -49 -16 14 8 -37 30 -9 -40 10 -7 -20 -27 -23 -22 4 -2 21 45 5 -36 25 28 29 44 -46 -1 -24 -43 -12 41 31 34 -35 -50 -11 26 42 47 -6 48 -15 -13 -32 3 -17 -38 33 -39 0
41 -20 -7 10 39 -3 -43 14 -30 2 37 26 46 -4 -27 -5 -15 32 -9 28 -50 13 17 -45 -16 21 19 48 -25 -22 -36 -47 -11 35 8 23 12 -49 18 29 -31 40 -38 -24 -6 -1 42 44 33 -34 0
-5 30 -17 -47 -12 38 -9 -34 -1 45 39 33 -8 32 -42 -37 -50 41 -46 7 19 22 -24 -11 -36 21 -14 -27 -49 2 28 -3 44 29 -26 -23 18 15 10 -20 -6 16 48 13 40 43 -35 -25 4 31 0
21 14 -1 -11 34 -24 16 22 -7 12 -41 -45 -18 -31 -2 -29 -13 -10 -23 37 30 -27 6 -49 -43 -44 8 -48 38 -33 -4 15 -35 -39 -19 3 -36 26 -46 42 -25 28 -50 5 -17 -20 -40 47 32 -9 0
-40 -26 30 8 35 19 -37 -2 41 24 -16 -46 -15 4 29 -39 18 32 -34 47 -50 -9 49 14 36 -6 -33 11 -48 13 45 -28 23 22 42 3 -44 38 -25 31 -7 -21 43 -27 10 -1 -20 12 17 -5 0
10 -6 14 -29 36 -7 8 20 -49 -37 -4 -25 -27 24 -44 21 13 -3 22 26 35 -39 -15 -5 18 -50 47 38 12 19 33 -28 11 -30 -42 -41 -34 -1 16 2 23 -9 -31 -48 46 40 -17 45 43 -32 0
-50 -14 49 -43 -41 -44 13 5 -26 -3 1 47 -31 -7 -2 -11 27 -9 -21 -17 33 10 45 -24 16 -8 -29 6 15 46 32 -34 -38 35 39 37 48 4 -23 42 -18 22 -19 -25 -40 -30 36 -12 -20 -28 0
-36 -41 25 39 7 -29 46 -50 27 -32 -30 -23 -15 -49 -43 44 19 6 24 45 -38 -16 -10 -28 -14 22 35 26 42 40 8 -18 -13 -37 33 34 -1 -21 -9 -48 47 5 -20 -2 -17 -11 -4 12 31 3 0
-34 2 13 -26 42 37 -33 47 11 -41 -38 5 31 6 -4 -50 40 -30 -22 -25 -16 -3 12 -19 -43 -48 18 -9 -39 24 23 49 44 -14 27 -45 -46 -17 -1 15 20 -32 -10 29 -21 8 -36 28 -7 35 0
-37 46 -28 -4 26 23 -20 -35 5 44 10 -14 34 31 -36 -42 45 47 9 -30 39 -13 -6 -49 18 -48 8 24 40 11 25 -12 3 -27 19 17 7 -16 -29 -2 -15 50 -22 43 -41 -38 32 -1 -33 -21 0
-14 -34 13 50 26 30 25 -27 -12 -20 19 11 45 -9 -6 -29 17 16 33 -40 49 -39 15 -2 44 43 22 41 -21 -5 8 -18 -1 -36 -4 -35 -7 -46 24 23 -31 -38 -10 47 32 28 -48 42 37 -3 0
-39 22 -46 38 -29 -5 8 4 23 20 -47 41 21 27 3 1 18 -25 -44 -32 -36 16 -43 -48 -37 -45 -42 -12 40 49 17 9 -35 33 -6 50 -7 -31 -13 19 10 -2 -34 -24 14 -15 -30 -26 28 11 0
-43 1 -23 -2 -22 3 -31 11 14 -47 -9 16 12 -38 4 -40 -36 5 -29 -35 15 33 -17 42 49 -8 -28 34 30 -25 -24 41 18 -37 10 -7 -20 44 26 39 45 -21 32 48 -27 -13 -46 19 -6 50 0
-21 17 46 -49 -2 -4 15 -30 -33 16 13 -38 23 7 -26 -40 1 36 42 39 12 35 19 -10 -50 32 -25 -14 -9 47 -41 5 48 27 28 -8 43 34 -20 -31 -29 3 22 -18 11 24 37 -45 6 -44 0
20 -34 -45 26 17 -1 43 -11 -19 48 22 33 42 -21 44 8 4 -35 41 -50 36 27 7 31 49 -38 16 -15 12 -5 29 13 -10 25 23 47 -28 9 37 24 3 40 46 -39 -2 -14 -32 -6 -30 -18 0
37 -15 -45 -42 -6 -48 -35 30 -34 25 23 24 -41 19 -3 12 8 -11 -32 10 44 39 49 29 7 16 -21 -40 31 22 43 -26 -33 -28 50 20 -2 -36 47 -14 27 18 -5 38 -17 1 -9 4 46 13 0
10 -13 32 -35 19 36 -30 -33 -23 48 -18 5 25 -49 39 -38 -8 43 -45 -21 -2 14 41 -37 20 15 27 31 3 47 -22 26 -11 12 44 42 28 4 17 -16 29 7 50 -1 6 -46 34 24 -40 -9 0
-18 37 -3 -25 50 17 1 -46 -19 -42 -10 15 -23 47 -48 11 -20 39 -16 -36 -40 -29 -13 -43 -27 2 34 22 8 31 44 -24 21 -30 -35 -38 -5 -9 -7 -28 41 -6 32 -26 -49 45 -33 4 -14 12 0
-40 35 13 25 15 31 3 -16 49 -34 -47 -32 -11 28 22 23 -2 -4 14 -42 -38 -5 -36 46 -33 -18 -45 6 -39 -48 -50 -12 10 -7 17 26 1 27 8 41 -43 37 20 -21 30 19 24 -29 44 -9 0
1 20 -40 -15 -16 9 -35 -36 -21 -14 -26 28 -41 -18 23 25 2 30 -29 44 -8 10 -32 19 -11 31 6 -27 -24 38 37 22 49 -43 -50 34 39 45 7 12 48 -13 -47 33 -3 5 -4 46 -17 42 0
-47 -44 2 -32 -42 -37 49 9 48 21 41 16 -38 50 39 -33 11 45 -34 -40 -10 -13 18 -36 -22 6 46 -23 26 30 17 -19 1 -31 28 -4 -29 3 43 -14 5 -15 8 -20 7 24 -25 12 -35 27 0
-5 -27 -41 -26 22 15 3 47 -42 -38 18 -10 16 -8 -24 17 -48 9 -11 28 31 7 -45 -40 -25 -50 -6 -14 33 12 -4 -39 -19 43 49 36 2 -44 20 1 30 21 -32 -23 37 -29 -46 -34 -35 13 0
-29 -41 19 -30 1 -11 -31 -4 23 -43 -8 -50 -18 -2 28 -46 -7 -5 36 33 39 26 25 10 -49 -42 -34 -37 38 20 -47 3 45 35 27 24 -48 -6 14 21 17 13 -32 9 -16 12 40 -15 22 44 0
-22 11 3 48 12 40 17 41 -13 36 15 -34 -5 -18 6 -19 -39 33 38 -26 -31 27 -20 32 -37 -1 50 9 -46 -23 4 -21 -8 -7 43 -45 30 -42 24 16 -35 -44 14 -10 47 49 29 -25 -28 -2 0
6 2 -9 -34 4 -44 25 23 32 -35 -47 -1 -15 -7 50 33 37 -19 -18 46 -22 45 -27 -12 11 13 26 -48 3 -16 -10 -28 40 -30 29 -20 -5 -31 49 -39 36 -43 38 -8 21 -17 24 41 42 -14 0
8 44 -9 -24 15 4 -20 7 -29 -23 22 31 28 32 11 -42 50 -10 18 -1 45 43 -30 5 12 -36 -21 -41 48 37 -19 -49 -27 3 -14 -17 -13 -6 47 -39 40 16 33 35 -46 2 26 -25 34 -38 0
13 -36 -24 -39 17 32 -40 14 -21 26 -16 -8 -37 -45 -12 -19 -49 -27 -42 -50 6 33 -30 7 -18 46 4 2 23 -10 22 -1 11 5 -25 -20 -9 28 3 48 -34 -38 43 31 29 -35 47 41 44 15 0
-25 -6 -8 -50 -12 -2 -47 34 32 21 -28 42 3 31 41 18 23 -44 38 -45 29 -43 7 5 26 22 -39 36 13 -46 11 -1 -20 -33 27 40 -19 -30 10 -16 4 14 35 15 49 -9 48 -17 24 37 0
10 -4 -33 -15 31 27 45 -48 -16 -13 -34 -47 8 -41 24 -29 -37 -7 44 14 25 -17 -26 6 22 -23 -50 49 -12 3 -39 -40 30 -43 -38 -5 -32 -18 1 -21 -9 -19 42 -35 36 46 -20 -28 -2 -11 0
-28 -49 34 -29 -32 -50 -19 16 -48 -37 2 9 -6 -23 14 -31 12 -33 -27 8 -17 -5 7 30 -43 -42 -20 -47 -35 39 -36 24 -3 -46 -41 18 -10 -15 25 26 -11 -38 -40 22 -45 -1 4 21 13 44 0
-33 -41 -34 29 -27 -22 -26 -6 2 13 -47 11 -49 -31 -9 17 21 -36 40 37 -45 8 15 -18 30 25 48 -23 50 -7 -24 -19 -46 5 -35 -32 -42 39 -12 44 43 10 38 16 28 14 -4 -1 -20 -3 0
4 25 -34 -48 -46 -35 -50 31 -37 -16 -18 32 -8 30 -33 2 -47 15 -41 10 42 -26 -5 -29 1 7 -14 6 -43 27 28 -9 39 38 3 -19 20 17 -11 -23 -36 -49 21 12 40 -24 -44 13 22 45 0
-17 8 -46 10 -5 30 -35 -50 24 34 -37 -43 15 42 -31 20 -29 -11 33 40 -32 41 -49 19 4 18 7 14 -27 1 28 16 25 -2 -3 45 38 21 -9 -48 39 -47 36 23 6 -26 -44 12 -22 -13 0
21 20 -37 11 38 -3 44 39 -50 40 25 7 16 -22 24 -19 18 -17 -41 -26 13 -9 -28 -47 4 5 -2 -42 -34 -27 -32 33 48 -29 -46 -12 45 1 -31 6 -30 15 -8 36 -43 -14 10 -23 49 -35 0
4 -3 -2 -25 36 7 19 -32 49 -30 17 6 10 20 -26 -21 18 -14 -44 46 50 -34 -22 35 48 43 13 -24 -27 -39 -47 23 31 -9 -42 -40 29 11 -12 -16 -1 28 -37 -15 45 41 -38 -8 33 5 0
-49 -20 12 3 25 41 39 -8 -24 7 32 -31 34 -46 -36 -44 -48 -6 -35 -9 15 -22 -1 40 -38 2 -14 17 29 -45 11 -19 4 -37 21 30 -26 33 -43 -18 -5 -16 28 47 27 10 42 -50 23 -13 0
-5 -20 -36 30 -42 -24 -48 -11 -4 1 33 -34 12 6 26 37 -43 -39 -10 41 47 3 -50 -31 -44 -27 28 22 -32 -2 19 21 -35 38 40 7 -23 14 -17 -13 -29 -8 25 -15 -46 9 -49 45 -18 -16 0
-43 -50 -27 -9 7 15 -44 -49 6 36 -1 47 20 18 -12 33 -34 24 -4 -40 -11 19 -8 -14 -41 13 -10 2 30 -28 -5 -38 -26 37 23 -48 -31 29 17 -3 -21 46 -39 -22 42 35 32 -16 -45 -25 0
23 -39 -18 21 -3 11 -30 15 27 -47 -35 -49 24 31 4 12 -45 -16 32 -9 7 8 42 17 -6 -48 37 -40 -41 -29 46 -44 -43 -25 1 -5 34 20 -36 38 -13 -33 19 -10 -26 2 22 50 -28 -14 0
-28 -26 -33 -43 -44 -4 -37 2 17 -31 -41 12 -23 -35 24 29 -3 -7 10 14 -20 16 -9 -42 -25 -27 -8 5 -1 -47 -32 11 36 -22 -39 49 50 40 -48 -15 18 38 -13 -6 -45 -46 34 21 -19 -30 0
-43 6 -49 37 -22 17 -46 7 -25 -34 38 -33 -11 -10 -14 -26 39 -19 29 -48 -18 2 24 31 28 15 -45 -47 16 -41 13 40 -5 12 -30 -21 -4 32 36 -42 -1 8 -35 -9 44 -20 50 -3 -27 23 0
-33 38 42 -14 -37 -30 -1 32 9 -41 45 4 25 -3 -19 -23 -29 -36 -44 -2 15 18 -39 -8 43 5 24 28 -13 -34 27 11 -40 10 -12 -49 17 46 20 -16 26 -35 -47 22 6 -50 48 31 7 21 0
46 -11 48 -44 35 2 -27 -30 50 -20 47 -17 29 -38 -31 13 36 10 3 32 -4 -9 -25 -14 -21 12 28 22 42 -7 -26 -39 -41 -37 -24 45 -1 23 43 -5 -33 19 -6 -15 34 -16 -18 8 40 -49 0
47 37 18 -31 9 -7 32 -13 -4 35 -30 50 27 44 15 -6 10 41 -48 -46 1 -43 5 -39 -45 16 -2 -11 -23 19 -40 14 -17 21 -3 -25 -33 -42 26 29 -38 20 12 -36 -24 -22 -34 28 -8 -49 0
-15 -36 -10 28 -25 -24 -13 49 -26 -2 -31 -37 -23 34 -4 -33 -21 9 -47 46 11 -17 -3 35 7 -44 -12 29 -48 -6 45 43 -27 -14 -41 -5 42 -18 -22 40 -32 20 -19 30 8 50 -39 38 -1 16 0
-7 6 -35 5 43 27 -20 -38 25 -50 -11 -39 -26 -22 9 33 16 42 15 -40 32 -21 41 24 34 36 17 23 -10 -12 47 3 14 -29 -28 8 13 45 -30 2 4 37 -44 -31 48 -49 18 1 -46 19 0
-21 23 2 38 -29 36 6 -8 24 28 -39 -26 22 37 35 -45 -40 -1 34 48 -42 -41 10 30 27 -14 32 44 49 7 -47 -17 43 5 -18 -12 15 -33 -3 -13 -25 50 -46 31 -11 -4 19 -16 -20 -9 0
28 45 -48 14 34 26 36 -15 46 33 9 22 -13 29 -43 47 -20 -31 -5 7 -19 -41 1 -2 -23 40 -8 -4 -17 37 -16 -49 -42 24 -32 18 10 39 -6 -12 27 -50 11 -30 -44 -21 -35 3 38 25 0
27 5 -25 10 23 -29 -48 26 -42 -35 -47 -9 -21 19 -34 -14 15 -33 -41 39 1 28 -2 -50 -37 46 49 20 -12 -13 -32 22 40 36 18 -24 -7 31 -11 44 -30 38 17 -4 45 -3 6 -8 43 16 0
40 -10 -46 12 -31 15 -37 -26 -17 -7 24 27 -13 -33 32 48 -41 -19 -5 -36 -34 -20 -30 -25 29 -50 44 23 43 -3 9 -47 -16 1 38 -28 14 4 -8 22 -21 -39 -2 42 -18 45 -6 35 11 49 0
8 -45 28 -48 -30 -49 43 46 -11 12 -33 -34 -36 26 31 9 -42 6 -25 5 -21 47 -38 27 3 -18 -32 -22 4 37 44 1 -2 -41 13 -35 39 15 -29 -40 7 17 -50 -14 -10 23 16 19 -20 -24 0
-43 -17 30 19 21 -10 20 36 -16 14 -9 -3 39 18 -34 -12 -6 49 32 47 23 -2 33 -50 35 15 48 -27 26 -42 -38 -37 7 -41 8 -44 -45 1 -22 -31 25 4 -46 -24 -28 29 5 -11 -13 40 0
-47 42 2 26 -16 -1 -50 44 4 35 -32 -7 27 6 -13 -5 3 22 -29 -43 -24 12 -21 41 -45 -37 46 9 18 14 -28 38 20 -39 -11 31 -8 -36 -34 10 19 -30 -23 33 -25 -48 17 -49 -15 -40 0
-9 21 14 30 -3 26 44 -33 38 -48 23 37 -40 34 -20 18 25 -43 -19 -28 -2 -1 -13 -29 11 -27 -15 -41 5 45 10 -31 -24 -39 7 36 -50 35 22 46 42 6 -32 16 -49 -17 8 47 -12 4 0
-18 46 -29 -24 4 28 41 27 -19 3 -20 -36 7 8 2 -39 -33 47 44 -10 9 -23 -30 26 37 -16 42 38 15 -22 35 11 34 21 17 -50 13 1 43 45 49 6 -32 -48 31 -12 -5 40 25 -14 0
3 -39 17 33 -21 -44 -29 -37 -24 38 -12 27 -16 -49 34 -28 32 -23 -10 -18 8 -31 40 42 -15 35 -13 -36 11 -4 -14 -6 -50 41 22 5 26 -9 19 -46 48 43 25 45 -20 -7 -30 1 -47 -2 0
-8 42 13 24 -50 -32 49 -2 -25 -9 -29 -15 36 -21 35 34 5 3 4 -1 -23 22 46 -14 -37 11 -47 -45 10 43 40 -48 -28 -19 -16 26 -12 18 6 -39 44 20 -31 -38 7 27 30 17 33 -41 0
-20 12 -44 -50 -21 41 18 38 34 23 13 32 -19 1 -36 -29 7 15 -49 -24 6 -26 30 8 -35 31 46 -10 -33 -43 14 2 42 -22 -39 4 5 -16 47 -37 -3 45 -9 48 -11 -17 -27 -40 28 25 0
-41 25 50 36 34 -10 -24 47 -11 -48 -45 31 32 -8 -17 23 30 18 49 -22 -13 46 -21 28 9 -3 15 19 2 1 5 37 16 -40 44 26 -20 -35 14 -27 -38 12 4 -39 -42 -7 43 33 6 -29 0
45 42 -9 -46 11 5 28 13 29 -10 6 -41 22 -30 47 -33 -48 24 2 -4 -23 -36 -35 -32 -27 16 -21 18 31 43 20 -15 -7 -37 -12 40 -49 38 25 -3 -50 -1 -34 -39 -44 -17 14 19 26 -8 0
