p cnf 160 50
35 -32 7 -39 -13 0
17 -13 48 32 -2 0
49 -50 -8 -47 -10 0
-33 36 -29 1 -47 0
-39 13 27 29 47 0
-38 -45 -1 -5 -7 0
14 15 11 49 -29 0
-17 -23 24 -39 -13 0
-26 -15 -49 -46 -22 0
46 5 -18 -3 -39 0
-42 43 -8 -2 21 0
-35 -25 -6 -14 -33 0
16 47 41 2 22 0
24 -42 41 -39 37 0
42 24 -45 6 -22 0
-7 -40 -32 14 39 0
45 -42 48 -15 -16 0
5 8 -7 -44 -50 0
-7 9 32 45 16 0
-35 -31 50 17 39 0
30 46 -4 -15 36 0
42 -47 -30 2 25 0
-28 12 -47 7 -32 0
39 49 43 7 9 0
38 -24 32 2 -40 0
11 -8 -18 45 -33 0
-50 41 12 -6 -7 0
-18 -14 -29 23 -27 0
34 13 36 2 12 0
37 29 -11 -50 7 0
2 5 13 6 17 0
31 -15 33 16 36 0
-30 23 35 -11 -12 0
-26 -3 -28 45 7 0
-38 47 13 -2 9 0
-8 44 5 -38 14 0
28 5 19 -22 20 0
-50 -46 15 30 -31 0
31 -1 -12 -29 44 0
-19 -44 -46 11 -29 0
-17 -34 -47 -31 -39 0
38 -23 -39 -21 -3 0
-26 5 50 -48 -41 0
-1 26 15 -21 -43 0
36 -45 -30 -49 8 0
38 39 12 -44 6 0
18 43 -17 -5 -4 0
1 36 38 4 17 0
7 45 -1 -21 -12 0
18 40 -44 -5 -20 0
-45 34 47 -28 -9 0
-21 -33 -28 -11 -29 0
-22 40 -1 -47 -23 0
-48 1 -2 -45 -11 0
-43 -34 -38 -8 -44 0
48 18 17 24 20 0
30 36 -19 -10 -12 0
31 -29 13 33 -10 0
-39 -20 -15 -43 22 0
-29 28 -4 -5 -20 0
13 -5 -25 -26 -38 0
14 -25 11 23 27 0
38 45 -7 -42 17 0
2 -27 16 -48 -37 0
-21 43 -48 -24 -17 0
-42 -41 -10 13 -8 0
-44 -43 25 -9 33 0
20 26 30 42 -6 0
9 -39 21 49 46 0
-32 -8 50 -48 22 0
40 23 -35 19 46 0
-15 46 5 -48 -19 0
10 40 -38 -2 12 0
10 39 13 6 -16 0
-9 37 49 13 50 0
-27 -10 -31 -14 33 0
-17 -11 20 -37 -48 0
18 34 -36 49 46 0
13 27 43 30 -34 0
-20 -1 2 39 -31 0
-2 -36 -47 20 -11 0
-25 31 -50 24 39 0
1 -26 -21 47 33 0
-13 -4 -15 -21 50 0
13 23 -7 21 -24 0
30 -23 -16 -42 20 0
-3 -37 -45 9 42 0
34 14 22 -7 -15 0
-30 -11 17 5 -39 0
7 11 -33 -13 28 0
-47 28 -39 -22 -46 0
20 11 14 19 37 0
33 -36 16 20 50 0
44 28 12 -47 38 0
41 -16 -46 25 -9 0
-35 -9 -27 -30 -19 0
-32 -5 38 -15 24 0
-7 23 31 9 49 0
48 20 -26 27 30 0
34 -41 -43 4 14 0
9 34 42 -33 -8 0
1 -32 -23 -50 -49 0
26 -12 -14 -11 38 0
-38 19 2 -15 -49 0
32 -39 43 47 -16 0
-17 30 21 18 33 0
47 41 -15 18 40 0
50 15 49 28 24 0
29 -28 -12 50 -27 0
-23 42 3 10 -15 0
-18 -46 42 10 4 0
-24 -46 -7 29 -11 0
-4 -48 31 35 -32 0
-10 23 -45 -4 -11 0
33 -19 -34 5 -15 0
8 12 31 29 -24 0
45 15 -5 4 -10 0
-6 25 33 -50 22 0
25 -14 26 18 -39 0
-11 26 10 -40 31 0
-26 -44 10 -36 -39 0
-13 -15 -34 16 42 0
-17 -33 -44 11 27 0
27 -18 12 24 -19 0
-27 -33 -36 28 21 0
-28 -37 9 -42 22 0
21 44 -49 -45 -46 0
13 17 8 36 19 0
-13 25 -20 -49 29 0
33 -46 19 27 -7 0
17 -1 3 -20 2 0
13 -20 48 -45 -16 0
40 -10 13 43 -34 0
31 -16 30 4 28 0
-16 -26 -39 -27 46 0
-34 32 -28 -36 30 0
12 -20 -15 18 45 0
-50 32 37 -18 -6 0
-18 -3 -13 -1 -21 0
35 -30 -47 -38 -23 0
32 36 -48 23 -19 0
-42 -23 -37 -8 3 0
27 7 -19 22 16 0
-16 31 -39 38 41 0
13 -12 40 -27 22 0
3 -18 -10 44 -4 0
-18 -16 -48 43 41 0
46 10 22 4 -27 0
-25 39 19 4 27 0
-13 25 31 -40 50 0
-9 -41 -24 -25 2 0
4 40 36 -45 15 0
-7 -50 41 2 -22 0
-27 -35 -29 4 -18 0
25 -10 -43 -19 20 0
48 -38 -20 -2 -32 0
-23 -21 29 49 48 0
45 -7 21 -23 -1 0
18 -9 -4 49 -26 0
44 47 -10 -4 -23 0
