p cnf 100 100
-82 86 -68 14 78 46 96 -85 -91 15 0
41 -26 -57 -87 18 91 30 -36 -58 48 0
63 58 -32 -83 59 -53 -24 -90 44 77 0
99 42 -29 28 -3 84 -11 81 -87 -65 0
-12 32 46 -91 84 -76 -35 -9 24 -58 0
38 41 5 50 -14 95 76 10 100 -3 0
90 -68 81 25 -40 4 -50 -67 -79 76 0
-5 -86 4 3 13 32 -94 49 -56 -93 0
-99 -62 39 -66 42 -100 -64 -29 8 -51 0
-76 34 2 -5 -64 -43 -71 95 82 47 0
-96 -18 -47 88 -98 -26 -84 -68 25 -41 0
57 6 -28 -30 43 44 84 80 -16 -55 0
-34 -29 72 -18 55 -24 -48 -96 44 46 0
61 -41 -69 100 -98 62 -73 1 -22 -93 0
97 -94 69 -65 -70 -22 18 -88 -99 -77 0
-74 93 69 -38 -17 -99 14 44 -3 -65 0
29 38 14 -20 78 98 -26 -99 21 -40 0
33 -28 62 -45 -19 -64 91 38 1 48 0
42 -2 5 -89 96 -70 97 56 39 61 0
-70 -20 59 -39 -40 -87 61 -28 67 1 0
22 -5 97 89 -48 -7 -36 -9 35 -13 0
-65 -24 46 63 99 -98 -15 -25 -4 -45 0
11 54 37 -38 97 88 -36 48 47 77 0
-15 28 -31 17 -81 67 88 -62 -22 76 0
23 28 67 52 38 -8 79 -6 12 31 0
-23 38 -77 58 -30 -25 73 -1 -51 85 0
-73 -55 99 35 86 81 -68 -98 -37 51 0
-23 -14 79 74 56 -43 44 36 -96 -41 0
61 4 43 -57 -45 -90 -29 15 -40 -3 0
-7 18 8 79 -54 -99 58 11 40 16 0
-23 -56 50 -57 72 -41 -34 42 -77 -95 0
-45 34 -70 -31 -57 15 -72 -65 77 -29 0
4 56 7 -71 76 52 -34 -31 66 -8 0
49 -55 -76 -58 -54 -89 14 -65 -100 -85 0
58 -63 84 -40 -60 -5 39 43 -73 95 0
-91 -93 21 28 77 -13 82 62 31 45 0
-64 -83 -78 31 48 -6 51 21 -39 89 0
-77 87 -51 -33 63 74 3 -98 -1 44 0
-89 67 13 -76 90 17 -55 -66 53 -86 0
-76 73 -12 31 -13 10 -66 -43 70 85 0
-20 -19 -39 -64 13 -99 -54 -11 -85 79 0
-11 57 49 -1 29 -47 -24 -3 -74 -41 0
60 -94 22 16 -57 -69 -12 63 -27 -96 0
31 86 51 -91 70 -16 -36 -45 -97 89 0
22 -37 -42 14 -13 -98 2 -8 -10 97 0
-49 -96 -46 -88 64 30 -27 -16 68 -9 0
-58 -70 91 22 53 -42 -29 -60 18 94 0
1 -45 -89 -2 -30 28 -95 -61 -98 -97 0
-33 -40 77 -57 18 -78 54 36 -70 -88 0
32 -20 25 -24 26 91 85 -57 55 18 0
-21 -33 39 -30 78 50 -45 -3 97 -7 0
-62 51 -75 -69 23 -47 11 63 -42 67 0
-17 8 -36 30 3 -55 60 -28 47 -13 0
58 92 29 -1 68 -75 -42 48 -76 -25 0
-93 -78 74 65 39 83 29 -48 45 -62 0
-100 -56 -30 8 59 55 -74 66 5 10 0
95 5 -70 -36 -29 -99 -84 -47 27 -62 0
20 31 26 73 1 86 -87 88 -19 -76 0
72 86 47 -87 29 -94 39 -19 -49 93 0
2 29 -18 43 -100 1 47 -41 37 81 0
26 -20 -2 -40 29 -30 79 -80 78 21 0
-28 -20 -12 -86 30 36 -59 48 79 94 0
75 16 70 86 28 -55 -15 -51 57 24 0
-28 -29 2 15 -12 -88 -71 -75 69 50 0
-65 -55 -39 24 -94 93 90 -95 54 34 0
8 24 -67 32 -48 -65 26 -19 14 82 0
20 -19 -8 26 -27 93 77 72 82 -55 0
-78 -4 -90 68 11 -46 41 72 -26 32 0
58 -45 -61 69 49 16 -93 -11 -23 -5 0
-6 -21 -1 -28 55 -14 -15 -54 65 -51 0
29 97 46 -14 -89 -98 30 -95 65 52 0
60 40 24 -84 -66 -56 -28 -59 16 97 0
-62 69 35 76 -97 -10 18 -54 40 -88 0
-26 62 -14 5 -9 -71 -41 87 -37 -12 0
9 -27 -53 -48 38 56 -31 3 -5 -41 0
-7 -30 46 82 -23 64 41 -22 -55 48 0
39 70 -13 -56 -82 20 -85 -8 -51 -34 0
89 82 -87 -90 66 -65 -51 20 4 -35 0
47 46 -44 -100 -69 48 -8 56 -24 29 0
-39 5 -47 6 -59 -10 61 85 27 -33 0
77 -98 -70 21 -33 -66 -19 -55 -50 -61 0
87 16 -51 -63 -66 42 5 -82 28 92 0
64 -69 84 67 99 -34 100 82 -16 31 0
17 59 1 97 35 -56 -10 -34 -36 -7 0
48 85 -33 15 37 -28 -31 -16 -54 -47 0
-78 96 43 61 -34 -64 93 -30 99 71 0
-98 -12 -18 84 -9 -96 68 -44 -57 3 0
-52 30 87 84 -81 -14 -66 -88 53 -57 0
-67 62 48 36 75 -63 79 -90 -19 -41 0
-42 18 -64 38 -20 -63 66 -5 1 -58 0
16 29 -71 -72 -10 76 34 21 80 -88 0
23 51 -80 16 61 -2 67 -41 -90 68 0
-32 24 -17 18 94 -38 83 72 99 28 0
95 75 82 3 32 94 50 2 36 74 0
37 -91 87 -32 89 -35 11 -20 -82 88 0
-38 47 -29 69 37 33 20 8 -98 82 0
22 -19 67 41 -77 68 43 -93 6 97 0
-82 25 -20 -81 -84 -28 29 -67 -97 77 0
63 -33 75 97 -21 -83 -41 -17 -94 -77 0
-47 -85 64 9 -96 -77 68 49 89 72 0
