p cnf 100 20
-1 -19 -16 5 -8 14 10 -20 -6 7 -18 2 -12 -17 -9 11 3 -15 -13 4 0
-19 20 13 -14 10 6 -1 15 11 17 4 -5 -16 3 -7 -18 8 -9 -2 -12 0
3 -17 20 5 -1 -2 -14 -8 -18 13 -12 -19 -11 6 15 9 -16 4 -10 7 0
19 13 12 -14 5 8 -2 -7 -11 3 -15 -20 17 10 4 16 6 -18 1 9 0
16 9 11 14 -17 -13 8 -10 -3 15 -4 1 -20 -19 -2 12 -7 -5 6 18 0
-16 -3 -4 12 -5 20 -14 13 -7 -19 -15 -6 -8 10 11 2 -9 -17 -18 1 0
-17 16 14 8 -9 -19 -15 -1 -11 7 13 -12 -5 -2 -3 10 6 -4 -18 20 0
10 -14 3 13 19 -11 12 -1 -15 -4 5 7 8 18 9 16 -2 -6 20 -17 0
10 -15 -19 -8 3 -13 -14 6 -9 -18 -5 17 -20 -1 2 7 11 -12 4 16 0
-14 16 -6 -18 9 -12 -1 -20 -17 -5 -11 -3 2 -13 7 -4 -10 -8 -19 15 0
-10 -19 -15 11 20 7 9 5 13 -6 -14 -4 16 -1 12 18 -2 -17 -8 -3 0
7 9 -8 10 -15 -12 -4 20 5 14 19 -3 18 1 13 11 -2 6 16 -17 0
14 6 3 -12 16 -18 19 -17 -5 4 8 -1 20 -10 -7 -2 -9 -13 -11 15 0
10 -13 -19 16 -12 -7 17 -18 1 6 4 -15 11 -2 -20 -3 -14 8 -9 5 0
16 15 8 -17 12 -20 -10 -6 19 13 -9 1 2 11 3 14 18 -5 4 7 0
20 18 2 19 -17 -5 6 -7 1 -12 4 -16 11 8 9 15 -14 -13 -3 -10 0
-5 -4 -17 16 20 10 8 -14 -11 -9 13 -2 6 -1 15 12 -3 -18 7 19 0
13 18 19 -6 -20 -17 3 -5 -4 9 -2 8 -10 -12 16 -1 7 11 15 14 0
14 7 6 20 -16 -13 2 15 -3 10 -5 9 -11 8 -4 1 19 18 17 12 0
-15 -18 -5 3 -11 -19 -14 -7 -4 20 13 12 1 9 -2 16 -6 -17 10 8 0
-16 15 -8 10 12 -13 -18 -11 2 -9 1 -14 17 4 -20 19 -3 5 7 -6 0
-15 -8 -1 20 4 -12 13 17 -18 11 -10 2 7 -14 3 6 16 5 19 -9 0
11 -3 5 17 9 8 -4 -19 16 -6 2 15 -10 7 -1 20 12 18 -13 -14 0
-20 3 -6 -10 -4 -18 16 -8 -2 11 19 14 5 1 -12 13 -9 17 7 -15 0
15 11 -17 -7 -10 3 -16 1 20 -8 9 6 -14 4 -2 -5 18 13 -19 -12 0
-6 -2 13 7 4 -5 16 -11 1 -3 -10 14 -15 -19 8 -20 -17 18 9 12 0
13 7 -20 6 -18 -5 1 9 -8 -11 10 3 14 -15 -4 19 -16 2 12 17 0
-2 4 10 -11 -5 1 -20 8 -15 7 -6 -9 18 -14 19 -16 13 17 3 12 0
-9 2 1 10 6 16 13 -20 -14 -8 -18 3 4 7 19 -5 15 -11 12 -17 0
11 16 -20 -17 18 -7 -5 2 3 -1 -8 15 10 14 -6 9 -13 -12 19 4 0
-7 13 17 -10 -1 -6 8 -4 18 -20 -14 5 9 3 -15 12 16 19 -2 11 0
-13 -18 3 8 5 17 -4 -10 2 14 16 15 -11 20 12 9 -1 19 7 -6 0
15 -9 17 11 -6 -5 -4 2 -8 18 12 -10 -19 -7 -3 -1 20 14 16 -13 0
5 7 -4 -3 -12 11 13 1 15 9 -20 8 6 -10 -19 -16 -2 17 18 14 0
-13 -5 10 -3 15 -16 -4 -20 11 19 17 -7 8 9 -1 -12 14 6 2 -18 0
-9 -1 -15 17 19 13 3 -14 -2 5 -18 -20 -4 -10 12 -7 -6 11 8 -16 0
-15 -5 -9 17 -11 1 -10 -3 20 7 -13 -19 -2 -14 -8 16 18 -4 -6 -12 0
20 1 18 -7 -15 -5 -11 12 -2 -10 -13 17 -6 -9 3 19 -14 -4 -16 8 0
17 6 -14 -4 5 20 10 -18 -12 -13 7 19 -15 11 -8 2 -1 16 -9 -3 0
19 -12 -11 -4 20 6 14 18 -10 8 -16 -1 3 17 -2 -13 7 -9 5 15 0
-3 11 9 8 -2 -14 -6 -18 4 -13 12 -20 -10 -7 15 17 1 5 -16 -19 0
-13 10 -14 16 17 8 19 18 15 20 -4 6 11 -1 -3 2 7 -5 -9 -12 0
-18 20 19 -12 8 1 -16 2 -15 -11 5 13 10 -7 9 17 -4 -3 6 14 0
-17 -16 8 9 -3 -2 14 -15 -20 -10 7 -6 -1 -18 4 -19 12 13 5 -11 0
-19 -7 -11 -8 2 -9 -10 13 -6 -14 -1 -12 -18 -16 -20 3 17 -4 -5 15 0
-17 18 -14 -11 1 -2 3 -15 10 -16 -8 -7 9 19 -20 6 -4 -5 12 13 0
2 -19 -10 11 -7 4 -12 -20 -14 -5 16 -15 3 -1 18 8 -13 17 -9 6 0
10 -11 -18 -13 -7 12 -1 -17 6 19 -5 16 -2 4 -3 15 -14 9 8 -20 0
-9 12 20 -13 11 -16 8 -3 14 -5 -4 -17 6 10 -2 15 -18 -7 1 19 0
10 18 12 -16 20 -15 19 6 1 -4 9 13 -17 3 8 -7 -5 2 -11 -14 0
4 -6 -1 20 3 14 12 16 -19 -2 -15 -5 -18 17 7 -13 9 -8 10 11 0
-10 19 -16 -1 -3 -11 15 13 4 -20 -17 -2 -14 8 6 9 -7 5 -18 -12 0
3 13 10 6 18 14 -8 1 -12 -4 19 5 -9 7 16 -20 -11 -15 -2 -17 0
3 5 1 -17 -16 20 -15 -7 14 -12 -8 19 -4 -2 -10 11 6 9 -13 -18 0
6 13 -1 12 8 4 -19 9 11 18 20 -14 5 2 17 10 16 -15 -3 -7 0
15 6 -2 -13 10 -12 -1 -5 20 -16 -8 9 -3 4 -18 14 17 -19 -7 11 0
2 9 -14 4 -16 6 11 -3 8 -12 -18 -19 13 17 -7 -10 15 -20 -1 -5 0
8 -20 10 -6 7 18 -15 -16 3 -4 14 -5 -11 -17 2 -12 -9 -1 19 -13 0
-13 2 15 -10 -5 -16 -11 -4 1 -20 -9 6 -14 -17 -18 -7 -19 -3 8 12 0
-2 9 -20 3 -19 5 7 -16 10 -8 4 -15 18 -11 -17 13 12 -14 6 -1 0
-10 4 -11 -18 2 14 17 1 -20 -15 13 9 -19 8 12 7 6 5 3 -16 0
-10 -16 -20 8 7 -1 13 4 -5 -19 -14 -11 6 -2 -12 -17 18 9 -3 -15 0
9 1 -14 -17 -16 -13 5 20 2 -6 -3 -19 -11 -15 10 18 -4 7 12 -8 0
-9 20 8 19 -7 11 -5 -17 -4 14 -10 -13 -3 -18 12 -15 -16 -6 -2 -1 0
6 8 1 15 11 16 -20 2 -4 5 -19 17 -13 18 7 -14 -10 12 9 -3 0
-12 15 -8 -9 -17 11 -10 -20 7 1 5 -6 -16 -13 -4 -18 3 -14 -2 -19 0
6 -14 -11 13 10 -8 -15 -5 1 -19 -3 4 9 2 12 -18 -7 16 -20 -17 0
-2 10 7 -13 -8 -3 9 -19 -6 -14 12 -4 -5 -18 -16 11 -20 -1 15 -17 0
10 12 4 -15 -11 -17 2 5 18 -14 13 -8 -20 -3 -16 -1 -7 19 9 -6 0
-15 -12 17 6 1 -16 -20 -10 4 -14 13 18 -3 -11 -9 8 -2 7 -19 -5 0
-8 3 14 -12 -6 15 -20 5 1 10 19 -2 -9 13 -11 -17 7 -4 18 -16 0
11 -13 16 -9 14 -5 -20 -19 18 15 17 4 1 7 2 3 -10 -12 -6 -8 0
-11 6 7 4 9 15 2 20 -13 12 19 8 -17 10 -14 5 18 -1 -3 16 0
-11 14 -4 -19 -3 -1 18 5 10 15 13 -16 2 -9 -8 -17 -6 -7 20 12 0
-14 -3 -9 15 4 8 6 1 5 -20 13 10 -18 7 -11 19 -12 -17 16 2 0
-15 6 -13 -2 -8 -9 5 3 -10 1 -19 -14 4 11 17 12 18 -7 16 -20 0
10 4 20 -7 -18 -9 -11 -16 -1 -5 -15 14 8 -17 -3 -12 6 -13 -2 -19 0
14 8 15 -6 -7 3 4 -19 -16 1 -11 -12 17 18 10 -5 -20 13 -2 -9 0
14 1 16 20 6 -10 -5 13 -12 3 -4 -8 11 18 2 -19 7 17 15 9 0
2 18 1 -5 -19 -20 11 -17 14 3 -9 10 15 16 13 4 12 -7 8 -6 0
20 -14 -1 6 -2 -7 16 -12 9 -11 17 15 -13 -8 -19 3 -10 -18 -4 -5 0
6 -1 -15 18 7 19 -12 8 -14 4 -9 -5 -2 3 -17 11 13 16 -10 -20 0
-8 13 5 16 -18 -1 12 -11 -15 9 -6 7 20 4 -2 -3 -19 14 -10 -17 0
11 6 -17 -7 -8 3 5 -13 -15 -14 19 -4 12 -2 9 -20 16 1 18 10 0
14 -5 -17 13 12 -16 -20 2 10 -15 19 -6 -9 -3 -1 -4 -7 8 18 -11 0
-8 14 -20 -16 7 -1 -13 -2 -9 -11 -19 -18 17 -6 4 -5 12 -3 -15 -10 0
18 -10 -17 8 4 -16 5 -20 2 -9 14 -1 -19 -15 7 -13 6 -3 -12 -11 0
-1 -2 10 -17 12 3 -15 14 11 5 -8 -9 -4 -19 6 -18 16 -7 20 -13 0
20 15 -2 -13 8 -10 1 11 18 5 16 -19 9 3 12 6 17 7 14 4 0
18 -3 7 10 -1 -13 9 -11 -17 -14 4 20 2 6 16 15 12 19 -5 -8 0
-3 -1 -10 -5 -16 -17 -6 12 -15 -2 7 -13 11 -18 20 4 19 8 -14 9 0
-17 10 6 5 -9 11 -20 13 -14 -18 8 16 4 -2 -15 7 -19 1 12 3 0
15 20 -12 7 17 -14 19 -3 11 9 -1 -13 18 -6 -16 -2 10 -8 5 -4 0
-13 18 19 -1 -5 9 10 14 7 -2 -15 -4 11 -8 20 12 -3 17 6 -16 0
15 -4 11 12 14 9 -6 17 -19 18 -3 20 10 2 -5 -13 -8 -7 1 -16 0
14 -10 3 5 7 -8 19 13 6 2 9 -18 17 16 15 1 -11 -4 -20 -12 0
14 6 5 1 -11 19 3 -15 20 9 16 -17 -7 4 2 12 13 10 8 18 0
3 -12 19 13 -5 7 -11 -4 -15 -2 16 10 -6 -14 18 20 -8 1 -9 -17 0
-5 12 14 -3 -20 -6 -2 11 -4 -9 8 1 -18 19 17 15 -16 7 -13 -10 0
-20 9 7 -4 -15 16 17 -2 10 6 -13 1 -8 -5 -14 19 -11 -12 -3 18 0
